Ant-v2
 expert:

returns [4822.125778901076, 4789.049689408539, 4727.4915007728705, 4701.676373131303, 4763.215590366353, 4736.781418318278, 4981.23145245213, 4825.437955844356, 4874.2114276916745, 4859.535561600338, 4940.462013240463, 4648.495295422513, 4862.611232245473, 4801.260556932922, 4764.49637651774, 4872.487956784969, 4789.66694028193, 4669.0871007456935, 4679.972168619757, 4900.539226720563]
mean return 4800.491780799946
std of return 88.96709092942973

 bc:
returns [4734.228419152216, 1909.7199913163574, 4669.349128096048, 4601.1011530843625, 4769.867371935971, 4741.778336042254, 4429.010998778799, 4813.978231350104, 4734.0715215363425, 4625.238629858584, 1491.5784046988922, 4815.365258262149, 4557.755786577805, 4644.065426207399, 4687.8296878136125, 4735.339342952741, 4740.038193612179, 4683.704202501255, 4566.270531612295, 4613.518021893599]
mean return 4378.190431864148
std of return 899.5943074599234

HalfCheetah-v2
 expert:

returns [4209.5270730897, 4296.781803998985, 4174.872818020567, 4267.540555412069, 4164.168248261788, 4286.279729978023, 4063.080045451688, 4174.599679894115, 4195.407619624544, 4149.934439470516, 4181.155730868428, 4070.273851038686, 4162.474518219097, 4123.239693060182, 4274.258266501583, 4061.991979680757, 4125.98389582427, 4344.262699107919, 4119.877726415227, 4263.725207847887]
mean return 4185.471779088302
std of return 79.65318220438478
 bc:
 returns [3887.2329678853616, 4047.5826788871336, 4112.872171899048, 3995.4791220933494, 4077.8529534426184, 4131.307180327449, 4001.450450051755, 4012.8840714932844, 4049.89282848859, 3849.2749205721234, 4144.575868881719, 4102.561724622845, 4085.1658084395776, 4141.671099561818, 4033.9129523393385, 3974.957487972253, 4027.9565267608696, 3957.9461840853182, 4087.0966994010237, 4081.9349752927315]
mean return 4040.1804336249106
std of return 77.94271191799399

Hopper-v2
 expert:
returns [3772.91587676715, 3781.754733831389, 3774.646666878785, 3781.4779585713045, 3775.070254777184, 3771.9529550187453, 3781.954384801487, 3779.008077689802, 3779.521686305874, 3775.9827732816248, 3780.510789038786, 3778.869628462755, 3780.241342561271, 3775.360585948552, 3781.8151485985068, 3779.182477770685, 3776.9768291792784, 3776.8424474732087, 3782.26166715619, 3785.481572428468]
mean return 3778.591392827052
std of return 3.4351661338379147
 bc:
 returns [1468.8132030991621, 1167.2064547335215, 1156.2075629724523, 1165.9711307283392, 1664.876300535319, 1620.3941114275844, 1697.972541037109, 1385.6655808436324, 1232.4966831116249, 1409.1365234778975, 1724.8880519535167, 1050.9424799345595, 1159.483169529245, 1044.0911310768895, 1446.0671223668462, 1415.3239906088434, 1472.6293521010116, 1157.4606362238449, 1159.1658291119206, 1470.8552365192604]
mean return 1353.4823545696288
std of return 212.96869439305058


Humanoid-v2
 expert:
returns [10414.183902003198, 10370.883774891405, 10464.850438316716, 10393.935043884958, 10327.528192421281, 10423.373015158846, 10440.547577722393, 10478.10997395882, 10421.036433175299, 10367.025715631637, 10416.01536003916, 10448.755577062891, 10386.902106280282, 10439.121688660514, 10357.717289426071, 10418.04298096499, 10399.389785987549, 10469.527486215962, 10434.44845801036, 10416.108668145485]
mean return 10414.375173397892
std of return 38.05366182896654
 bc:
returns [391.1454234821569, 242.95369446001703, 330.6432336346873, 280.7075788615399, 276.9101179597982, 270.3718068625992, 294.26695730105484, 267.87318462459746, 313.43634504036777, 240.58226772969735, 280.94683214002885, 294.365864751387, 369.9104511206823, 215.58109854605226, 389.813988208492, 364.5687958286942, 243.35483526451745, 316.3283308179731, 326.53960862498093, 333.1456690141086]
mean return 302.1723042136717
std of return 49.441034121994306


Reacher-v2
 expert:
returns [-2.78071404371053, -6.142142751227649, -5.037926801366167, -4.654409814683175, -2.4711985548668696, -3.697769091060044, -5.8041056427704705, -4.596261908684379, -7.235177448396877, -4.435155647535187, -0.903564859137334, -4.798712689043437, -6.282535044127966, -2.4343339205351637, -5.444045039578391, -2.8588008735008863, -4.181648477820521, -4.167577285269553, -1.3465100621898383, -4.182789093653345]
mean return -4.172768952457888
std of return 1.6138287052793907
 bc:
 returns [-12.66707159846398, -11.73954859814689, -12.498447470361016, -15.002773567351372, -13.77321343271273, -11.629082396892379, -12.166193949138194, -6.509666858060203, -6.504071823239881, -12.229884452896322, -6.5011881436794114, -6.243679088817418, -11.215933132081464, -12.146634644636835, -9.715945561403569, -7.344830054412226, -6.5825081421968505, -7.832009162986511, -8.174693334636281, -5.7638248785911514]
mean return -9.812060014535234
std of return 2.905922934376134


Walker2d-v2
 expert:
returns [5559.490703953651, 5416.697291264288, 3435.175192308561, 5495.058533346303, 5570.640668470042, 5546.935502911582, 5533.655962824832, 5496.125029802119, 5460.5824420043145, 5526.602865786396, 5592.008771285342, 5525.3677219072215, 5550.795610683198, 5544.355685185615, 5540.013915488473, 5579.055647442513, 5507.367852878997, 5490.578258056698, 5557.361655863806, 5510.611666548985]
mean return 5421.924048900647
std of return 457.58841956787876
 bc:
 returns [2.9373737273108085, 1228.4384731569917, 2.638048229974943, 345.0045480694669, 3.4109049412108505, 238.88155374073452, 2.011815771531258, 349.97121375843085, 319.18329557473373, 1.6427143438832597, 1.7574936215312433, 2.4802008155483897, 3.392664741116639, 335.2573288109816, 1.5921232702722572, 310.625724597125, 351.877960549283, 1.0674092311338215, 0.8703378140959943, 1.0747452828079949]
mean return 175.20579650240822
std of return 285.33613883638907




